20
16 12
20 11
8 1
2 1
19 5
9 11
8 8
15 18
1 1
4 3
13 4
7 20
6 4
2 10
9 13
18 9
14 6
18 14
3 6
14 16
8 7
6 5
16 7
2 19
10 9
17 9
8 14
4 14
10 20
18 12
5 10
1 15
2 3
9 2
3 4
17 11
20 13
6 12
20 17
2 2
11 14
9 8
12 4
10 10
17 8
14 14
15 12
19 14
5 20
3 3
16 6
10 17
2 17
3 10
9 12
7 3
11 20
2 12
7 18
9 9
16 16
9 10
8 10
18 1
9 6
12 11
9 5
5 18
17 2
4 6
19 8
1 16
11 9
16 11
10 16
8 13
19 4
6 20
17 7
14 20
16 19
6 7
4 13
8 15
2 9
12 15
3 8
3 14
2 8
8 4
1 11
3 20
7 7
6 9
3 11
4 4
15 15
20 14
5 19
10 2
17 15
7 1
18 3
8 16
8 9
11 10
14 5
6 1
2 4
3 13
20 4
5 17
11 19
4 20
6 3
7 2
5 14
18 10
12 10
15 2
16 2
20 9
15 17
10 4
12 3
4 15
16 10
2 5
15 14
6 19
20 1
17 13
4 18
10 1
8 18
3 1
4 17
13 19
1 20
1 12
13 16
6 18
16 5
17 12
5 7
4 1
10 19
9 20
16 14
19 16
9 16
10 8
17 3
8 20
19 10
12 5
1 7
14 1
4 5
9 19
4 19
11 4
12 17
10 13
17 14
7 8
7 4
11 6
18 6
19 17
19 15
11 8
11 15
14 19
16 15
10 3
8 17
5 2
5 3
18 7
11 16
18 19
18 20
20 20
13 7
16 8
11 5
2 14
20 8
6 13
19 9
1 3
18 8
20 12
16 4
16 17
3 17
13 15
9 17
5 13
6 10
1 10
1 4
17 1
6 15
11 3
20 16
15 6
4 11
12 9
18 16
4 16
12 12
2 15
10 7
2 18
10 6
3 9
19 7
13 8
8 11
15 1
13 11
3 16
